image: room_315_1.pgm
resolution: 0.030000
origin: [-10.892729, -9.141880, 0.0]
negate: 0
occupied_thresh: 0.65
free_thresh: 0.196
