image: room_315.pgm
resolution: 0.050000
origin: [-9.264954, -8.372808, 0.000000]
negate: 0
occupied_thresh: 0.65
free_thresh: 0.196

